areaType,areaName,areaCode,date,newCasesBySpecimenDate,cumCasesBySpecimenDate
region,South East,E12000008,2020-08-31,0,37927
region,South East,E12000008,2020-08-30,81,37927
region,South East,E12000008,2020-08-29,90,37846
region,South East,E12000008,2020-08-28,88,37756
region,South East,E12000008,2020-08-27,113,37668
region,South East,E12000008,2020-08-26,110,37555
region,South East,E12000008,2020-08-25,84,37445
region,South East,E12000008,2020-08-24,93,37361
region,South East,E12000008,2020-08-23,82,37268
region,South East,E12000008,2020-08-22,78,37186
region,South East,E12000008,2020-08-21,110,37108
region,South East,E12000008,2020-08-20,129,36998
region,South East,E12000008,2020-08-19,115,36869
region,South East,E12000008,2020-08-18,78,36754
region,South East,E12000008,2020-08-17,109,36676
region,South East,E12000008,2020-08-16,36,36567
region,South East,E12000008,2020-08-15,45,36531
region,South East,E12000008,2020-08-14,95,36486
region,South East,E12000008,2020-08-13,76,36391
region,South East,E12000008,2020-08-12,83,36315
region,South East,E12000008,2020-08-11,76,36232
region,South East,E12000008,2020-08-10,113,36156
region,South East,E12000008,2020-08-09,29,36043
region,South East,E12000008,2020-08-08,31,36014
region,South East,E12000008,2020-08-07,53,35983
region,South East,E12000008,2020-08-06,61,35930
region,South East,E12000008,2020-08-05,65,35869
region,South East,E12000008,2020-08-04,66,35804
region,South East,E12000008,2020-08-03,75,35738
region,South East,E12000008,2020-08-02,21,35663
region,South East,E12000008,2020-08-01,30,35642
region,South East,E12000008,2020-07-31,41,35612
region,South East,E12000008,2020-07-30,64,35571
region,South East,E12000008,2020-07-29,79,35507
region,South East,E12000008,2020-07-28,65,35428
region,South East,E12000008,2020-07-27,85,35363
region,South East,E12000008,2020-07-26,37,35278
region,South East,E12000008,2020-07-25,47,35241
region,South East,E12000008,2020-07-24,65,35194
region,South East,E12000008,2020-07-23,76,35129
region,South East,E12000008,2020-07-22,76,35053
region,South East,E12000008,2020-07-21,77,34977
region,South East,E12000008,2020-07-20,87,34900
region,South East,E12000008,2020-07-19,46,34813
region,South East,E12000008,2020-07-18,54,34767
region,South East,E12000008,2020-07-17,49,34713
region,South East,E12000008,2020-07-16,63,34664
region,South East,E12000008,2020-07-15,63,34601
region,South East,E12000008,2020-07-14,58,34538
region,South East,E12000008,2020-07-13,69,34480
region,South East,E12000008,2020-07-12,31,34411
region,South East,E12000008,2020-07-11,34,34380
region,South East,E12000008,2020-07-10,75,34346
region,South East,E12000008,2020-07-09,83,34271
region,South East,E12000008,2020-07-08,82,34188
region,South East,E12000008,2020-07-07,54,34106
region,South East,E12000008,2020-07-06,45,34052
region,South East,E12000008,2020-07-05,58,34007
region,South East,E12000008,2020-07-04,29,33949
region,South East,E12000008,2020-07-03,62,33920
region,South East,E12000008,2020-07-02,61,33858
region,South East,E12000008,2020-07-01,69,33797
region,South East,E12000008,2020-06-30,57,33728
region,South East,E12000008,2020-06-29,80,33671
region,South East,E12000008,2020-06-28,45,33591
region,South East,E12000008,2020-06-27,54,33546
region,South East,E12000008,2020-06-26,65,33492
region,South East,E12000008,2020-06-25,65,33427
region,South East,E12000008,2020-06-24,44,33362
region,South East,E12000008,2020-06-23,60,33318
region,South East,E12000008,2020-06-22,78,33258
region,South East,E12000008,2020-06-21,67,33180
region,South East,E12000008,2020-06-20,66,33113
region,South East,E12000008,2020-06-19,79,33047
region,South East,E12000008,2020-06-18,75,32968
region,South East,E12000008,2020-06-17,82,32893
region,South East,E12000008,2020-06-16,98,32811
region,South East,E12000008,2020-06-15,99,32713
region,South East,E12000008,2020-06-14,72,32614
region,South East,E12000008,2020-06-13,66,32542
region,South East,E12000008,2020-06-12,87,32476
region,South East,E12000008,2020-06-11,94,32389
region,South East,E12000008,2020-06-10,127,32295
region,South East,E12000008,2020-06-09,112,32168
region,South East,E12000008,2020-06-08,123,32056
region,South East,E12000008,2020-06-07,61,31933
region,South East,E12000008,2020-06-06,85,31872
region,South East,E12000008,2020-06-05,139,31787
region,South East,E12000008,2020-06-04,159,31648
region,South East,E12000008,2020-06-03,137,31489
region,South East,E12000008,2020-06-02,221,31352
region,South East,E12000008,2020-06-01,185,31131
region,South East,E12000008,2020-05-31,134,30946
region,South East,E12000008,2020-05-30,131,30812
region,South East,E12000008,2020-05-29,163,30681
region,South East,E12000008,2020-05-28,202,30518
region,South East,E12000008,2020-05-27,202,30316
region,South East,E12000008,2020-05-26,181,30114
region,South East,E12000008,2020-05-25,187,29933
region,South East,E12000008,2020-05-24,150,29746
region,South East,E12000008,2020-05-23,120,29596
region,South East,E12000008,2020-05-22,246,29476
region,South East,E12000008,2020-05-21,303,29230
region,South East,E12000008,2020-05-20,343,28927
region,South East,E12000008,2020-05-19,385,28584
region,South East,E12000008,2020-05-18,362,28199
region,South East,E12000008,2020-05-17,223,27837
region,South East,E12000008,2020-05-16,192,27614
region,South East,E12000008,2020-05-15,262,27422
region,South East,E12000008,2020-05-14,294,27160
region,South East,E12000008,2020-05-13,483,26866
region,South East,E12000008,2020-05-12,412,26383
region,South East,E12000008,2020-05-11,481,25971
region,South East,E12000008,2020-05-10,310,25490
region,South East,E12000008,2020-05-09,248,25180
region,South East,E12000008,2020-05-08,354,24932
region,South East,E12000008,2020-05-07,418,24578
region,South East,E12000008,2020-05-06,444,24160
region,South East,E12000008,2020-05-05,473,23716
region,South East,E12000008,2020-05-04,489,23243
region,South East,E12000008,2020-05-03,368,22754
region,South East,E12000008,2020-05-02,414,22386
region,South East,E12000008,2020-05-01,521,21972
region,South East,E12000008,2020-04-30,650,21451
region,South East,E12000008,2020-04-29,690,20801
region,South East,E12000008,2020-04-28,657,20111
region,South East,E12000008,2020-04-27,555,19454
region,South East,E12000008,2020-04-26,501,18899
region,South East,E12000008,2020-04-25,518,18398
region,South East,E12000008,2020-04-24,656,17880
region,South East,E12000008,2020-04-23,684,17224
region,South East,E12000008,2020-04-22,693,16540
region,South East,E12000008,2020-04-21,633,15847
region,South East,E12000008,2020-04-20,489,15214
region,South East,E12000008,2020-04-19,414,14725
region,South East,E12000008,2020-04-18,521,14311
region,South East,E12000008,2020-04-17,706,13790
region,South East,E12000008,2020-04-16,655,13084
region,South East,E12000008,2020-04-15,711,12429
region,South East,E12000008,2020-04-14,553,11718
region,South East,E12000008,2020-04-13,577,11165
region,South East,E12000008,2020-04-12,486,10588
region,South East,E12000008,2020-04-11,383,10102
region,South East,E12000008,2020-04-10,577,9719
region,South East,E12000008,2020-04-09,525,9142
region,South East,E12000008,2020-04-08,569,8617
region,South East,E12000008,2020-04-07,717,8048
region,South East,E12000008,2020-04-06,593,7331
region,South East,E12000008,2020-04-05,424,6738
region,South East,E12000008,2020-04-04,458,6314
region,South East,E12000008,2020-04-03,521,5856
region,South East,E12000008,2020-04-02,486,5335
region,South East,E12000008,2020-04-01,547,4849
region,South East,E12000008,2020-03-31,471,4302
region,South East,E12000008,2020-03-30,477,3831
region,South East,E12000008,2020-03-29,296,3354
region,South East,E12000008,2020-03-28,339,3058
region,South East,E12000008,2020-03-27,332,2719
region,South East,E12000008,2020-03-26,320,2387
region,South East,E12000008,2020-03-25,305,2067
region,South East,E12000008,2020-03-24,235,1762
region,South East,E12000008,2020-03-23,281,1527
region,South East,E12000008,2020-03-22,169,1246
region,South East,E12000008,2020-03-21,129,1077
region,South East,E12000008,2020-03-20,126,948
region,South East,E12000008,2020-03-19,127,822
region,South East,E12000008,2020-03-18,122,695
region,South East,E12000008,2020-03-17,89,573
region,South East,E12000008,2020-03-16,78,484
region,South East,E12000008,2020-03-15,53,406
region,South East,E12000008,2020-03-14,41,353
region,South East,E12000008,2020-03-13,53,312
region,South East,E12000008,2020-03-12,85,259
region,South East,E12000008,2020-03-11,50,174
region,South East,E12000008,2020-03-10,34,124
region,South East,E12000008,2020-03-09,24,90
region,South East,E12000008,2020-03-08,10,66
region,South East,E12000008,2020-03-07,4,56
region,South East,E12000008,2020-03-06,16,52
region,South East,E12000008,2020-03-05,4,36
region,South East,E12000008,2020-03-04,7,32
region,South East,E12000008,2020-03-03,9,25
region,South East,E12000008,2020-03-02,1,16
region,South East,E12000008,2020-03-01,0,15
region,South East,E12000008,2020-02-29,2,15
region,South East,E12000008,2020-02-28,2,13
region,South East,E12000008,2020-02-27,2,11
region,South East,E12000008,2020-02-26,0,9
region,South East,E12000008,2020-02-25,1,9
region,South East,E12000008,2020-02-24,1,8
region,South East,E12000008,2020-02-23,1,7
region,South East,E12000008,2020-02-22,0,6
region,South East,E12000008,2020-02-21,0,6
region,South East,E12000008,2020-02-20,0,6
region,South East,E12000008,2020-02-19,0,6
region,South East,E12000008,2020-02-18,0,6
region,South East,E12000008,2020-02-17,0,6
region,South East,E12000008,2020-02-16,0,6
region,South East,E12000008,2020-02-15,0,6
region,South East,E12000008,2020-02-14,0,6
region,South East,E12000008,2020-02-13,0,6
region,South East,E12000008,2020-02-12,0,6
region,South East,E12000008,2020-02-11,0,6
region,South East,E12000008,2020-02-10,0,6
region,South East,E12000008,2020-02-09,1,6
region,South East,E12000008,2020-02-08,4,5
region,South East,E12000008,2020-02-07,0,1
region,South East,E12000008,2020-02-06,0,1
region,South East,E12000008,2020-02-05,1,1
