areaType,areaName,areaCode,date,newCasesBySpecimenDate,cumCasesBySpecimenDate
region,North West,E12000002,2020-08-31,1,53577
region,North West,E12000002,2020-08-30,152,53576
region,North West,E12000002,2020-08-29,224,53424
region,North West,E12000002,2020-08-28,325,53200
region,North West,E12000002,2020-08-27,263,52875
region,North West,E12000002,2020-08-26,278,52612
region,North West,E12000002,2020-08-25,212,52334
region,North West,E12000002,2020-08-24,229,52122
region,North West,E12000002,2020-08-23,114,51893
region,North West,E12000002,2020-08-22,174,51779
region,North West,E12000002,2020-08-21,208,51605
region,North West,E12000002,2020-08-20,224,51397
region,North West,E12000002,2020-08-19,255,51173
region,North West,E12000002,2020-08-18,190,50918
region,North West,E12000002,2020-08-17,282,50728
region,North West,E12000002,2020-08-16,116,50446
region,North West,E12000002,2020-08-15,156,50330
region,North West,E12000002,2020-08-14,240,50174
region,North West,E12000002,2020-08-13,236,49934
region,North West,E12000002,2020-08-12,275,49698
region,North West,E12000002,2020-08-11,309,49423
region,North West,E12000002,2020-08-10,359,49114
region,North West,E12000002,2020-08-09,157,48755
region,North West,E12000002,2020-08-08,217,48598
region,North West,E12000002,2020-08-07,237,48381
region,North West,E12000002,2020-08-06,277,48144
region,North West,E12000002,2020-08-05,259,47867
region,North West,E12000002,2020-08-04,277,47608
region,North West,E12000002,2020-08-03,300,47331
region,North West,E12000002,2020-08-02,167,47031
region,North West,E12000002,2020-08-01,157,46864
region,North West,E12000002,2020-07-31,177,46707
region,North West,E12000002,2020-07-30,221,46530
region,North West,E12000002,2020-07-29,288,46309
region,North West,E12000002,2020-07-28,200,46021
region,North West,E12000002,2020-07-27,189,45821
region,North West,E12000002,2020-07-26,157,45632
region,North West,E12000002,2020-07-25,137,45475
region,North West,E12000002,2020-07-24,159,45338
region,North West,E12000002,2020-07-23,183,45179
region,North West,E12000002,2020-07-22,208,44996
region,North West,E12000002,2020-07-21,156,44788
region,North West,E12000002,2020-07-20,164,44632
region,North West,E12000002,2020-07-19,93,44468
region,North West,E12000002,2020-07-18,106,44375
region,North West,E12000002,2020-07-17,110,44269
region,North West,E12000002,2020-07-16,149,44159
region,North West,E12000002,2020-07-15,146,44010
region,North West,E12000002,2020-07-14,109,43864
region,North West,E12000002,2020-07-13,104,43755
region,North West,E12000002,2020-07-12,54,43651
region,North West,E12000002,2020-07-11,77,43597
region,North West,E12000002,2020-07-10,87,43520
region,North West,E12000002,2020-07-09,129,43433
region,North West,E12000002,2020-07-08,114,43304
region,North West,E12000002,2020-07-07,94,43190
region,North West,E12000002,2020-07-06,142,43096
region,North West,E12000002,2020-07-05,115,42954
region,North West,E12000002,2020-07-04,71,42839
region,North West,E12000002,2020-07-03,100,42768
region,North West,E12000002,2020-07-02,100,42668
region,North West,E12000002,2020-07-01,116,42568
region,North West,E12000002,2020-06-30,103,42452
region,North West,E12000002,2020-06-29,123,42349
region,North West,E12000002,2020-06-28,94,42226
region,North West,E12000002,2020-06-27,93,42132
region,North West,E12000002,2020-06-26,106,42039
region,North West,E12000002,2020-06-25,125,41933
region,North West,E12000002,2020-06-24,159,41808
region,North West,E12000002,2020-06-23,127,41649
region,North West,E12000002,2020-06-22,158,41522
region,North West,E12000002,2020-06-21,100,41364
region,North West,E12000002,2020-06-20,118,41264
region,North West,E12000002,2020-06-19,168,41146
region,North West,E12000002,2020-06-18,178,40978
region,North West,E12000002,2020-06-17,183,40800
region,North West,E12000002,2020-06-16,211,40617
region,North West,E12000002,2020-06-15,164,40406
region,North West,E12000002,2020-06-14,148,40242
region,North West,E12000002,2020-06-13,127,40094
region,North West,E12000002,2020-06-12,168,39967
region,North West,E12000002,2020-06-11,176,39799
region,North West,E12000002,2020-06-10,224,39623
region,North West,E12000002,2020-06-09,218,39399
region,North West,E12000002,2020-06-08,165,39181
region,North West,E12000002,2020-06-07,130,39016
region,North West,E12000002,2020-06-06,132,38886
region,North West,E12000002,2020-06-05,204,38754
region,North West,E12000002,2020-06-04,237,38550
region,North West,E12000002,2020-06-03,257,38313
region,North West,E12000002,2020-06-02,285,38056
region,North West,E12000002,2020-06-01,260,37771
region,North West,E12000002,2020-05-31,235,37511
region,North West,E12000002,2020-05-30,215,37276
region,North West,E12000002,2020-05-29,303,37061
region,North West,E12000002,2020-05-28,325,36758
region,North West,E12000002,2020-05-27,294,36433
region,North West,E12000002,2020-05-26,309,36139
region,North West,E12000002,2020-05-25,268,35830
region,North West,E12000002,2020-05-24,262,35562
region,North West,E12000002,2020-05-23,288,35300
region,North West,E12000002,2020-05-22,376,35012
region,North West,E12000002,2020-05-21,426,34636
region,North West,E12000002,2020-05-20,500,34210
region,North West,E12000002,2020-05-19,579,33710
region,North West,E12000002,2020-05-18,409,33131
region,North West,E12000002,2020-05-17,303,32722
region,North West,E12000002,2020-05-16,407,32419
region,North West,E12000002,2020-05-15,392,32012
region,North West,E12000002,2020-05-14,425,31620
region,North West,E12000002,2020-05-13,525,31195
region,North West,E12000002,2020-05-12,548,30670
region,North West,E12000002,2020-05-11,528,30122
region,North West,E12000002,2020-05-10,347,29594
region,North West,E12000002,2020-05-09,344,29247
region,North West,E12000002,2020-05-08,483,28903
region,North West,E12000002,2020-05-07,509,28420
region,North West,E12000002,2020-05-06,584,27911
region,North West,E12000002,2020-05-05,577,27327
region,North West,E12000002,2020-05-04,427,26750
region,North West,E12000002,2020-05-03,492,26323
region,North West,E12000002,2020-05-02,410,25831
region,North West,E12000002,2020-05-01,726,25421
region,North West,E12000002,2020-04-30,772,24695
region,North West,E12000002,2020-04-29,796,23923
region,North West,E12000002,2020-04-28,708,23127
region,North West,E12000002,2020-04-27,623,22419
region,North West,E12000002,2020-04-26,428,21796
region,North West,E12000002,2020-04-25,549,21368
region,North West,E12000002,2020-04-24,750,20819
region,North West,E12000002,2020-04-23,859,20069
region,North West,E12000002,2020-04-22,911,19210
region,North West,E12000002,2020-04-21,692,18299
region,North West,E12000002,2020-04-20,674,17607
region,North West,E12000002,2020-04-19,608,16933
region,North West,E12000002,2020-04-18,859,16325
region,North West,E12000002,2020-04-17,580,15466
region,North West,E12000002,2020-04-16,779,14886
region,North West,E12000002,2020-04-15,696,14107
region,North West,E12000002,2020-04-14,633,13411
region,North West,E12000002,2020-04-13,608,12778
region,North West,E12000002,2020-04-12,488,12170
region,North West,E12000002,2020-04-11,611,11682
region,North West,E12000002,2020-04-10,601,11071
region,North West,E12000002,2020-04-09,804,10470
region,North West,E12000002,2020-04-08,850,9666
region,North West,E12000002,2020-04-07,791,8816
region,North West,E12000002,2020-04-06,872,8025
region,North West,E12000002,2020-04-05,626,7153
region,North West,E12000002,2020-04-04,604,6527
region,North West,E12000002,2020-04-03,683,5923
region,North West,E12000002,2020-04-02,681,5240
region,North West,E12000002,2020-04-01,619,4559
region,North West,E12000002,2020-03-31,556,3940
region,North West,E12000002,2020-03-30,507,3384
region,North West,E12000002,2020-03-29,359,2877
region,North West,E12000002,2020-03-28,322,2518
region,North West,E12000002,2020-03-27,333,2196
region,North West,E12000002,2020-03-26,357,1863
region,North West,E12000002,2020-03-25,255,1506
region,North West,E12000002,2020-03-24,255,1251
region,North West,E12000002,2020-03-23,176,996
region,North West,E12000002,2020-03-22,117,820
region,North West,E12000002,2020-03-21,114,703
region,North West,E12000002,2020-03-20,82,589
region,North West,E12000002,2020-03-19,98,507
region,North West,E12000002,2020-03-18,84,409
region,North West,E12000002,2020-03-17,55,325
region,North West,E12000002,2020-03-16,56,270
region,North West,E12000002,2020-03-15,23,214
region,North West,E12000002,2020-03-14,25,191
region,North West,E12000002,2020-03-13,41,166
region,North West,E12000002,2020-03-12,40,125
region,North West,E12000002,2020-03-11,17,85
region,North West,E12000002,2020-03-10,15,68
region,North West,E12000002,2020-03-09,7,53
region,North West,E12000002,2020-03-08,5,46
region,North West,E12000002,2020-03-07,6,41
region,North West,E12000002,2020-03-06,2,35
region,North West,E12000002,2020-03-05,10,33
region,North West,E12000002,2020-03-04,2,23
region,North West,E12000002,2020-03-03,7,21
region,North West,E12000002,2020-03-02,6,14
region,North West,E12000002,2020-03-01,7,8
region,North West,E12000002,2020-02-29,0,1
region,North West,E12000002,2020-02-28,1,1
